Average values of each feature for each character:


BANG ##########################################

6 Sheldon
[19.43, 3.233, 0.894, 0.391, 0.293, 0.139, 0.009, 0.32, 0.077, 0.309, 0.043, 0.0, 0.113, 0.085, 0.089, 0.093, 0.086, 0.096, 0.179]
3 Leonard
[13.319, 2.966, 0.923, 0.383, 0.325, 0.069, 0.017, 0.274, 0.069, 0.327, 0.03, 0.0, 0.086, 0.079, 0.088, 0.13, 0.099, 0.081, 0.074]
2 Howard
[14.709, 3.004, 0.92, 0.387, 0.31, 0.092, 0.028, 0.296, 0.077, 0.32, 0.047, 0.0, 0.085, 0.116, 0.172, 0.125, 0.102, 0.099, 0.08]
5 Raj
[15.879, 3.022, 0.91, 0.391, 0.306, 0.091, 0.029, 0.312, 0.09, 0.32, 0.044, 0.0, 0.11, 0.099, 0.113, 0.119, 0.11, 0.19, 0.099]
1 Bernadette
[13.134, 2.956, 0.934, 0.403, 0.311, 0.069, 0.018, 0.297, 0.073, 0.329, 0.033, 0.0, 0.093, 0.196, 0.105, 0.094, 0.096, 0.087, 0.056]
0 Amy
[14.354, 3.069, 0.924, 0.396, 0.311, 0.087, 0.013, 0.306, 0.09, 0.311, 0.016, 0.0, 0.172, 0.086, 0.08, 0.094, 0.093, 0.084, 0.102]
4 Penny
[13.352, 2.865, 0.92, 0.364, 0.345, 0.058, 0.024, 0.304, 0.089, 0.368, 0.04, 0.0, 0.089, 0.085, 0.077, 0.111, 0.138, 0.082, 0.069]


SIMPSONS ##########################################

0 Bart
[11.327, 3.07, 0.931, 0.303, 0.362, 0.069, 0.02, 0.244, 0.049, 0.26, 0.352, 0.112, 0.177, 0.076, 0.119, 0.068, 0.048]
1 Homer
[13.022, 3.114, 0.916, 0.314, 0.352, 0.086, 0.018, 0.276, 0.06, 0.273, 0.392, 0.176, 0.082, 0.158, 0.086, 0.102, 0.057]
3 Marge
[12.373, 3.205, 0.936, 0.338, 0.337, 0.077, 0.007, 0.271, 0.068, 0.243, 0.327, 0.128, 0.053, 0.081, 0.097, 0.147, 0.054]
2 Lisa
[12.249, 3.206, 0.934, 0.323, 0.353, 0.078, 0.005, 0.26, 0.056, 0.257, 0.383, 0.13, 0.08, 0.071, 0.136, 0.087, 0.041]
4 Ned Flanders
[14.855, 3.226, 0.913, 0.313, 0.347, 0.074, 0.016, 0.277, 0.068, 0.249, 0.396, 0.191, 0.072, 0.081, 0.072, 0.126, 0.311]


DESPERATE ##########################################

3 Susan
[15.251, 3.005, 0.902, 0.364, 0.337, 0.065, 0.022, 0.303, 0.066, 0.395, 0.163, 0.0, 0.076, 0.092, 0.096, 0.199]
1 Gabrielle
[15.956, 3.059, 0.907, 0.37, 0.326, 0.083, 0.042, 0.307, 0.055, 0.406, 0.208, 0.0, 0.083, 0.176, 0.089, 0.089]
0 Bree
[15.628, 3.19, 0.916, 0.384, 0.314, 0.068, 0.014, 0.293, 0.054, 0.348, 0.097, 0.0, 0.233, 0.088, 0.079, 0.062]
2 Lynette
[15.103, 3.029, 0.906, 0.347, 0.341, 0.086, 0.025, 0.294, 0.068, 0.385, 0.149, 0.0, 0.081, 0.095, 0.175, 0.089]